80
75
3
4
10
0
0
0
0
0
68
123
103
89
0
0
0
0
0
0
0
0
0
0
0
0
25
0
0
0
82
85
78
95
83
81
76
95
82
69
76
69
65
83
69
95
82
79
76
76
66
65
67
75
47
80
75
3
4
20
0
2
0
8
0
112
78
103
89
9
209
12
15
78
2
0
0
31
6
0
0
49
0
0
0
82
85
78
95
83
81
76
95
82
69
76
69
65
83
69
95
82
79
76
76
66
65
67
75
47
95
101
120
101
99
117
116
101
95
82
85
78
95
105
110
115
116
101
97
100
46
112
115
49
141
83
219
110
26
49
16
125
71
226
31
70
219
85
5
74
118
211
231
84
145
122
9
21
149
2
77
203
170
125
64
104
107
118
7
176
180
107
187
246
144
4
85
253
247
142
205
69
44
33
1
30
0
143
231
204
156
57
103
108
132
21
53
116
218
173
241
189
255
135
132
182
51
16
170
20
164
237
234
38
38
187
196
238
100
236
200
74
53
159
196
238
79
149
187
194
74
67
185
17
180
184
60
19
38
10
146
90
157
155
173
151
100
150
148
207
116
85
162
61
23
84
78
115
84
15
210
106
85
163
162
188
176
88
186
118
171
219
110
181
91
111
126
10
43
197
180
66
14
196
194
90
177
202
143
101
195
13
28
173
146
58
83
73
234
68
151
81
151
241
197
210
90
127
197
52
144
100
141
140
234
204
145
18
127
134
100
166
109
45
8
86
252
25
12
202
50
239
247
235
218
57
143
115
36
44
229
27
68
188
131
132
146
186
174
121
46
142
71
31
126
71
17
92
192
161
206
28
138
174
252
197
70
201
112
198
39
44
150
132
41
231
70
62
192
80
46
214
16
15
110
206
41
213
196
4
197
62
91
244
243
208
2
97
27
29
63
104
89
78
58
67
124
76
190
18
214
144
220
251
106
157
38
184
11
201
144
173
130
231
50
5
80
182
50
8
81
41
45
22
222
196
104
109
207
200
75
19
122
145
21
106
205
117
215
47
92
38
217
238
2
146
48
69
179
237
213
179
126
87
198
229
155
148
248
180
63
41
61
113
97
97
12
170
50
112
250
101
37
97
210
215
142
96
148
125
252
145
245
110
129
97
227
61
23
39
141
164
79
56
151
74
241
34
66
112
37
8
171
103
176
179
150
143
162
170
128
209
204
5
75
216
91
50
215
40
148
133
12
46
228
245
112
8
76
91
76
133
195
6
226
26
198
71
55
117
226
169
243
136
236
138
100
235
223
189
7
254
77
42
130
87
182
62
189
67
53
167
133
79
189
184
232
194
223
131
233
135
250
113
61
210
150
19
140
190
223
193
198
10
173
246
105
93
191
214
102
28
203
73
48
187
23
138
173
203
152
106
233
96
35
81
187
245
22
120
85
125
40
229
134
167
106
237
164
61
185
9
190
235
63
255
21
99
37
140
195
242
200
35
132
4
246
172
61
144
160
55
188
13
246
239
3
154
158
53
85
89
136
48
148
169
130
211
59
241
182
59
160
103
44
99
211
207
20
50
79
169
183
230
199
238
54
168
166
153
38
81
141
176
208
170
116
205
181
251
22
70
135
47
97
244
107
136
78
105
17
109
222
155
54
47
63
55
109
246
94
91
247
63
80
75
3
4
10
0
0
0
0
0
16
123
103
89
0
0
0
0
0
0
0
0
0
0
0
0
29
0
0
0
82
85
78
95
83
81
76
95
82
69
76
69
65
83
69
95
82
79
76
76
66
65
67
75
47
68
68
76
47
80
75
3
4
20
0
2
0
8
0
49
123
103
89
183
203
224
235
109
1
0
0
153
2
0
0
51
0
0
0
82
85
78
95
83
81
76
95
82
69
76
69
65
83
69
95
82
79
76
76
66
65
67
75
47
68
68
76
47
68
68
76
95
67
85
82
82
69
78
84
95
69
82
82
79
82
83
46
115
113
108
125
145
81
79
194
48
20
133
223
151
236
63
156
248
162
36
66
208
248
98
124
42
91
35
141
99
154
174
162
123
34
5
42
171
142
149
116
93
8
255
222
142
1
198
132
112
246
176
123
111
191
123
114
210
246
251
16
133
174
225
228
188
84
40
76
185
244
117
161
32
203
18
230
107
95
46
26
107
85
229
176
48
235
141
46
165
211
166
130
178
214
216
26
102
91
169
37
230
59
207
73
135
122
81
168
181
28
32
12
250
125
230
174
235
253
134
180
158
216
106
87
180
94
199
61
185
146
186
130
252
114
202
182
99
191
105
245
198
193
54
85
13
103
176
181
218
169
253
129
105
220
166
113
40
205
10
178
218
161
82
219
51
49
6
97
16
6
17
167
68
80
8
50
74
40
174
50
58
141
71
228
106
112
200
62
235
192
48
184
9
3
120
233
37
254
148
190
79
70
148
251
131
51
122
166
41
229
222
55
6
73
62
72
158
129
100
96
49
77
5
19
249
201
45
19
132
11
124
48
49
198
93
55
97
169
143
51
241
24
70
249
113
54
97
233
148
36
239
244
212
147
207
174
127
188
160
14
141
72
52
166
184
31
30
186
60
74
104
87
190
242
248
152
252
133
210
183
174
234
221
118
127
51
255
158
85
114
173
208
106
74
120
52
38
252
30
55
120
24
14
135
39
72
58
103
245
188
113
234
44
20
6
189
167
48
104
63
146
8
202
47
223
110
103
72
226
216
175
71
175
105
38
56
97
169
192
127
104
182
249
193
27
103
19
194
115
31
57
247
168
94
162
7
154
238
157
253
133
176
184
125
198
222
211
47
80
75
3
4
20
0
2
0
8
0
91
123
103
89
101
3
74
86
175
1
0
0
167
3
0
0
44
0
0
0
82
85
78
95
83
81
76
95
82
69
76
69
65
83
69
95
82
79
76
76
66
65
67
75
47
105
110
112
117
116
95
118
97
114
105
97
98
108
101
115
46
116
120
116
149
81
205
106
219
64
16
190
27
252
14
131
114
104
11
65
34
253
59
20
12
85
108
65
75
28
236
90
10
165
39
49
90
141
170
133
213
174
186
187
138
218
183
239
72
178
26
151
36
134
232
162
221
249
102
230
251
217
139
139
172
38
104
80
106
168
140
42
201
66
47
125
13
158
139
135
100
155
196
105
2
168
75
56
236
182
219
235
120
125
115
108
114
208
215
82
212
80
24
238
21
70
123
158
31
103
2
250
77
162
243
20
186
95
42
128
74
42
90
46
248
152
59
97
101
235
243
22
125
189
10
163
236
235
250
38
201
210
232
106
185
152
248
91
28
57
209
143
75
246
166
39
155
214
164
20
76
115
131
132
17
73
191
109
231
82
47
25
54
157
111
187
105
200
146
235
148
119
32
181
147
37
1
62
178
163
177
33
48
213
120
46
209
147
151
13
141
151
121
33
58
56
170
47
67
216
24
253
202
195
176
28
193
41
116
53
28
197
17
75
121
77
225
207
16
130
40
120
51
45
148
14
238
209
74
44
20
133
203
197
36
42
159
248
87
209
238
46
219
223
101
179
83
20
94
26
206
202
64
75
182
50
182
249
244
144
173
177
115
230
220
61
53
174
254
21
142
247
185
153
59
158
249
96
160
225
204
161
85
157
99
185
247
210
26
221
144
246
32
44
149
252
151
168
28
48
53
160
82
115
26
88
160
163
211
102
55
63
135
116
255
37
94
208
67
72
35
147
244
212
56
64
203
156
196
150
144
1
40
254
64
112
25
76
209
107
3
174
69
65
195
203
240
180
239
137
116
56
168
143
121
219
102
102
78
78
152
25
44
139
252
68
75
62
8
119
171
219
31
233
250
75
114
27
71
251
56
77
191
239
14
155
207
155
56
139
175
57
157
171
203
231
177
183
103
176
119
103
176
247
103
176
15
103
176
143
131
183
180
37
33
43
41
158
54
200
246
95
106
240
47
80
75
3
4
20
0
2
0
8
0
18
77
103
89
220
223
131
205
79
1
0
0
131
2
0
0
32
0
0
0
82
85
78
95
83
81
76
95
82
69
76
69
65
83
69
95
82
79
76
76
66
65
67
75
47
82
85
78
46
98
97
116
109
146
81
107
194
48
20
133
223
7
254
135
75
71
97
27
180
178
87
65
152
155
45
12
196
58
171
207
33
182
55
54
44
38
89
146
58
253
247
107
98
21
38
125
107
79
206
185
249
78
146
55
172
26
5
138
177
209
195
232
161
204
54
139
226
99
182
8
95
192
165
110
29
57
82
195
233
78
160
37
140
11
156
222
137
169
59
57
159
204
139
53
140
115
136
80
137
233
35
56
245
141
210
78
95
34
136
99
14
159
75
120
138
135
134
197
207
48
47
160
219
202
219
252
148
192
82
182
85
133
150
181
66
156
65
83
99
177
134
91
12
152
81
7
24
30
214
199
55
212
236
209
113
185
135
57
117
116
71
45
218
9
196
245
142
160
60
114
163
228
1
165
35
149
193
218
94
19
217
9
171
54
36
202
175
5
148
149
225
218
77
32
138
237
143
32
54
252
17
77
93
19
71
189
127
86
57
174
100
87
18
52
26
166
204
193
155
105
16
111
158
162
117
29
34
228
74
212
104
252
186
10
2
97
65
136
35
223
86
171
95
52
182
65
33
32
233
25
148
92
41
193
171
51
188
159
53
181
22
146
188
107
6
233
152
96
88
71
178
222
46
9
151
214
33
173
83
109
95
33
185
131
28
194
134
228
2
119
163
244
210
63
158
123
62
111
24
58
177
206
55
36
95
234
100
203
121
255
120
174
55
209
32
116
30
110
16
46
60
208
80
11
140
75
222
149
174
83
239
91
205
182
101
246
7
80
75
3
4
20
0
2
0
8
0
13
122
103
89
26
150
248
185
84
0
0
0
90
0
0
0
52
0
0
0
82
85
78
95
83
81
76
95
82
69
76
69
65
83
69
95
82
79
76
76
66
65
67
75
47
115
99
114
105
112
116
95
116
111
95
103
101
116
95
102
105
108
101
110
97
109
101
115
46
116
120
116
29
202
189
13
128
32
16
6
208
158
132
29
190
5
212
222
194
6
39
112
3
132
51
16
249
137
112
151
48
190
209
246
229
29
82
192
129
58
193
213
156
109
241
29
92
113
74
76
254
115
208
32
39
76
184
98
34
100
113
1
143
68
119
83
131
86
102
135
89
23
173
124
108
152
10
182
63
21
155
169
207
60
248
5
80
75
3
4
10
0
0
0
0
0
162
122
103
89
0
0
0
0
0
0
0
0
0
0
0
0
33
0
0
0
82
85
78
95
83
81
76
95
82
69
76
69
65
83
69
95
82
79
76
76
66
65
67
75
47
84
73
67
75
69
84
83
47
80
75
3
4
10
0
0
0
0
0
26
122
103
89
0
0
0
0
0
0
0
0
0
0
0
0
35
0
0
0
82
85
78
95
83
81
76
95
82
69
76
69
65
83
69
95
82
79
76
76
66
65
67
75
47
84
73
67
75
69
84
83
47
49
47
80
75
3
4
10
0
0
0
0
0
189
122
103
89
0
0
0
0
0
0
0
0
0
0
0
0
43
0
0
0
82
85
78
95
83
81
76
95
82
69
76
69
65
83
69
95
82
79
76
76
66
65
67
75
47
84
73
67
75
69
84
83
47
49
47
82
69
76
69
65
83
69
47
80
75
3
4
20
0
2
0
8
0
208
122
103
89
180
254
174
118
35
0
0
0
35
0
0
0
54
0
0
0
82
85
78
95
83
81
76
95
82
69
76
69
65
83
69
95
82
79
76
76
66
65
67
75
47
84
73
67
75
69
84
83
47
49
47
82
69
76
69
65
83
69
47
101
120
97
109
112
108
101
46
115
113
108
11
118
245
113
117
14
81
80
15
2
210
142
193
174
234
10
137
197
10
33
193
33
134
10
110
65
254
190
10
46
161
142
62
214
0
80
75
3
4
20
0
2
0
8
0
198
121
103
89
183
218
178
179
167
3
0
0
55
10
0
0
54
0
0
0
82
85
78
95
83
81
76
95
82
69
76
69
65
83
69
95
82
79
76
76
66
65
67
75
47
84
73
67
75
69
84
83
47
49
47
82
69
76
69
65
83
69
47
101
120
101
99
117
116
101
46
115
113
108
181
86
91
143
147
64
20
126
214
196
255
112
124
17
107
180
86
227
139
26
141
92
166
91
20
102
42
12
219
93
141
33
20
102
93
148
66
5
218
93
19
127
188
103
24
202
178
197
173
251
160
39
105
51
151
239
220
190
115
122
166
139
25
161
228
152
120
224
127
116
136
231
49
15
200
137
205
161
250
145
141
241
19
23
137
0
143
57
142
161
155
31
94
223
187
219
161
153
255
119
176
79
56
232
1
103
38
115
93
68
177
233
84
29
54
74
131
67
244
111
56
58
253
224
216
148
248
192
232
14
107
206
88
15
53
37
196
146
230
175
0
156
120
174
4
0
134
101
79
79
155
229
140
232
214
21
162
177
104
127
34
240
124
50
129
185
126
164
54
47
81
118
0
70
143
224
197
164
145
246
8
211
67
123
44
224
243
128
43
75
247
238
154
204
9
92
10
219
48
137
106
17
254
68
89
173
146
164
170
128
146
69
120
172
59
48
56
103
115
207
166
252
117
95
117
25
230
209
74
116
42
221
126
8
173
226
115
177
138
174
195
213
217
190
138
12
217
33
38
114
193
66
115
166
123
240
16
252
83
223
210
57
121
124
239
46
236
139
118
138
226
186
150
229
251
26
140
134
233
72
149
169
199
92
176
2
221
233
91
71
155
161
201
40
39
39
28
61
104
155
74
148
34
223
106
173
143
161
159
54
55
229
164
221
252
51
227
241
166
68
64
221
178
164
124
168
245
13
126
158
60
177
207
224
103
177
129
139
40
175
161
46
32
74
18
136
178
12
234
115
1
197
166
94
111
212
41
84
105
254
53
19
112
150
226
23
134
209
220
107
209
122
45
242
68
131
184
88
173
162
60
145
230
252
57
99
14
60
120
54
126
42
46
69
188
169
197
184
190
172
65
1
165
195
193
125
248
160
23
224
56
124
144
44
119
171
189
10
140
165
165
54
104
160
66
36
50
176
184
20
136
194
104
210
10
234
104
137
193
165
103
144
214
144
86
185
86
171
91
4
166
57
20
101
34
74
169
129
206
226
239
112
86
148
32
202
178
40
177
176
220
11
168
137
109
1
92
55
28
2
59
14
213
117
227
208
166
216
249
28
176
175
216
222
53
86
165
88
126
107
34
150
69
57
36
81
93
151
233
18
51
134
145
66
182
53
182
108
159
219
20
23
67
35
67
93
117
221
86
81
182
67
23
166
226
101
106
59
196
7
206
112
154
16
51
192
156
12
226
176
133
188
124
247
78
92
70
171
117
38
228
80
186
9
173
27
236
152
180
151
102
71
84
46
46
100
137
215
105
22
213
105
145
183
196
73
152
69
76
71
247
136
138
106
27
34
80
197
19
198
197
38
175
241
140
6
174
65
60
120
245
6
228
12
49
200
145
77
21
120
97
243
217
85
174
113
45
58
66
7
60
28
32
81
137
238
95
71
63
252
59
179
135
41
238
203
144
235
125
0
142
127
143
64
59
125
100
151
96
14
42
130
174
55
14
251
238
59
218
239
175
209
245
102
49
89
64
229
40
120
212
229
175
186
114
192
125
191
81
36
189
253
62
105
180
166
67
29
120
11
19
224
51
130
37
186
211
69
220
127
187
238
220
177
12
215
15
213
3
48
198
79
40
95
145
135
26
63
23
216
40
89
86
92
224
148
144
73
139
184
174
224
60
218
138
166
119
148
235
87
160
141
164
141
158
233
41
243
160
236
8
27
148
12
11
59
252
117
221
174
136
168
218
108
6
90
135
75
250
159
10
123
160
188
48
146
148
56
140
205
175
155
234
19
141
67
56
204
210
92
200
39
128
25
239
67
170
187
228
21
124
214
224
215
47
40
199
187
80
228
78
251
2
58
231
158
109
4
188
135
144
68
168
91
13
176
4
157
31
66
45
144
158
15
84
246
209
237
69
235
155
46
163
180
18
33
142
253
44
141
155
161
161
18
198
12
158
60
159
160
220
170
156
26
37
139
63
12
30
57
147
186
38
203
210
74
78
248
104
89
108
197
125
149
222
46
53
123
170
186
253
0
155
148
221
48
220
198
202
20
246
42
90
194
197
83
105
73
253
59
83
239
243
140
45
160
249
179
135
91
114
210
158
254
6
80
75
3
4
10
0
0
0
0
0
58
123
103
89
0
0
0
0
0
0
0
0
0
0
0
0
50
0
0
0
82
85
78
95
83
81
76
95
82
69
76
69
65
83
69
95
82
79
76
76
66
65
67
75
47
84
73
67
75
69
84
83
47
49
47
82
69
76
69
65
83
69
47
79
85
84
80
85
84
47
80
75
3
4
10
0
0
0
0
0
179
122
103
89
0
0
0
0
0
0
0
0
0
0
0
0
44
0
0
0
82
85
78
95
83
81
76
95
82
69
76
69
65
83
69
95
82
79
76
76
66
65
67
75
47
84
73
67
75
69
84
83
47
49
47
82
79
76
76
66
65
67
75
47
80
75
3
4
20
0
2
0
8
0
216
122
103
89
54
138
57
137
38
0
0
0
36
0
0
0
55
0
0
0
82
85
78
95
83
81
76
95
82
69
76
69
65
83
69
95
82
79
76
76
66
65
67
75
47
84
73
67
75
69
84
83
47
49
47
82
79
76
76
66
65
67
75
47
101
120
97
109
112
108
101
46
115
113
108
11
118
245
113
117
14
81
80
15
242
247
241
113
114
116
246
86
87
72
44
86
8
9
14
49
84
112
11
242
247
85
112
9
117
244
177
6
0
80
75
3
4
20
0
2
0
8
0
206
121
103
89
183
218
178
179
167
3
0
0
55
10
0
0
55
0
0
0
82
85
78
95
83
81
76
95
82
69
76
69
65
83
69
95
82
79
76
76
66
65
67
75
47
84
73
67
75
69
84
83
47
49
47
82
79
76
76
66
65
67
75
47
101
120
101
99
117
116
101
46
115
113
108
181
86
91
143
147
64
20
126
214
196
255
112
124
17
107
180
86
227
139
26
141
92
166
91
20
102
42
12
219
93
141
33
20
102
93
148
66
5
218
93
19
127
188
103
24
202
178
197
173
251
160
39
105
51
151
239
220
190
115
122
166
139
25
161
228
152
120
224
127
116
136
231
49
15
200
137
205
161
250
145
141
241
19
23
137
0
143
57
142
161
155
31
94
223
187
219
161
153
255
119
176
79
56
232
1
103
38
115
93
68
177
233
84
29
54
74
131
67
244
111
56
58
253
224
216
148
248
192
232
14
107
206
88
15
53
37
196
146
230
175
0
156
120
174
4
0
134
101
79
79
155
229
140
232
214
21
162
177
104
127
34
240
124
50
129
185
126
164
54
47
81
118
0
70
143
224
197
164
145
246
8
211
67
123
44
224
243
128
43
75
247
238
154
204
9
92
10
219
48
137
106
17
254
68
89
173
146
164
170
128
146
69
120
172
59
48
56
103
115
207
166
252
117
95
117
25
230
209
74
116
42
221
126
8
173
226
115
177
138
174
195
213
217
190
138
12
217
33
38
114
193
66
115
166
123
240
16
252
83
223
210
57
121
124
239
46
236
139
118
138
226
186
150
229
251
26
140
134
233
72
149
169
199
92
176
2
221
233
91
71
155
161
201
40
39
39
28
61
104
155
74
148
34
223
106
173
143
161
159
54
55
229
164
221
252
51
227
241
166
68
64
221
178
164
124
168
245
13
126
158
60
177
207
224
103
177
129
139
40
175
161
46
32
74
18
136
178
12
234
115
1
197
166
94
111
212
41
84
105
254
53
19
112
150
226
23
134
209
220
107
209
122
45
242
68
131
184
88
173
162
60
145
230
252
57
99
14
60
120
54
126
42
46
69
188
169
197
184
190
172
65
1
165
195
193
125
248
160
23
224
56
124
144
44
119
171
189
10
140
165
165
54
104
160
66
36
50
176
184
20
136
194
104
210
10
234
104
137
193
165
103
144
214
144
86
185
86
171
91
4
166
57
20
101
34
74
169
129
206
226
239
112
86
148
32
202
178
40
177
176
220
11
168
137
109
1
92
55
28
2
59
14
213
117
227
208
166
216
249
28
176
175
216
222
53
86
165
88
126
107
34
150
69
57
36
81
93
151
233
18
51
134
145
66
182
53
182
108
159
219
20
23
67
35
67
93
117
221
86
81
182
67
23
166
226
101
106
59
196
7
206
112
154
16
51
192
156
12
226
176
133
188
124
247
78
92
70
171
117
38
228
80
186
9
173
27
236
152
180
151
102
71
84
46
46
100
137
215
105
22
213
105
145
183
196
73
152
69
76
71
247
136
138
106
27
34
80
197
19
198
197
38
175
241
140
6
174
65
60
120
245
6
228
12
49
200
145
77
21
120
97
243
217
85
174
113
45
58
66
7
60
28
32
81
137
238
95
71
63
252
59
179
135
41
238
203
144
235
125
0
142
127
143
64
59
125
100
151
96
14
42
130
174
55
14
251
238
59
218
239
175
209
245
102
49
89
64
229
40
120
212
229
175
186
114
192
125
191
81
36
189
253
62
105
180
166
67
29
120
11
19
224
51
130
37
186
211
69
220
127
187
238
220
177
12
215
15
213
3
48
198
79
40
95
145
135
26
63
23
216
40
89
86
92
224
148
144
73
139
184
174
224
60
218
138
166
119
148
235
87
160
141
164
141
158
233
41
243
160
236
8
27
148
12
11
59
252
117
221
174
136
168
218
108
6
90
135
75
250
159
10
123
160
188
48
146
148
56
140
205
175
155
234
19
141
67
56
204
210
92
200
39
128
25
239
67
170
187
228
21
124
214
224
215
47
40
199
187
80
228
78
251
2
58
231
158
109
4
188
135
144
68
168
91
13
176
4
157
31
66
45
144
158
15
84
246
209
237
69
235
155
46
163
180
18
33
142
253
44
141
155
161
161
18
198
12
158
60
159
160
220
170
156
26
37
139
63
12
30
57
147
186
38
203
210
74
78
248
104
89
108
197
125
149
222
46
53
123
170
186
253
0
155
148
221
48
220
198
202
20
246
42
90
194
197
83
105
73
253
59
83
239
243
140
45
160
249
179
135
91
114
210
158
254
6
80
75
3
4
10
0
0
0
0
0
55
123
103
89
0
0
0
0
0
0
0
0
0
0
0
0
51
0
0
0
82
85
78
95
83
81
76
95
82
69
76
69
65
83
69
95
82
79
76
76
66
65
67
75
47
84
73
67
75
69
84
83
47
49
47
82
79
76
76
66
65
67
75
47
79
85
84
80
85
84
47
80
75
1
2
20
0
10
0
0
0
0
0
68
123
103
89
0
0
0
0
0
0
0
0
0
0
0
0
25
0
36
0
0
0
0
0
0
0
49
0
0
0
0
0
0
0
82
85
78
95
83
81
76
95
82
69
76
69
65
83
69
95
82
79
76
76
66
65
67
75
47
10
0
32
0
0
0
0
0
1
0
24
0
240
230
237
168
91
49
219
1
240
230
237
168
91
49
219
1
32
111
8
131
89
49
219
1
80
75
1
2
20
0
20
0
2
0
8
0
112
78
103
89
9
209
12
15
78
2
0
0
31
6
0
0
49
0
36
0
0
0
0
0
1
0
32
0
0
0
55
0
0
0
82
85
78
95
83
81
76
95
82
69
76
69
65
83
69
95
82
79
76
76
66
65
67
75
47
95
101
120
101
99
117
116
101
95
82
85
78
95
105
110
115
116
101
97
100
46
112
115
49
10
0
32
0
0
0
0
0
1
0
24
0
16
102
255
234
44
49
219
1
0
161
203
76
91
49
219
1
128
202
11
131
89
49
219
1
80
75
1
2
20
0
10
0
0
0
0
0
16
123
103
89
0
0
0
0
0
0
0
0
0
0
0
0
29
0
36
0
0
0
0
0
0
0
49
0
0
0
212
2
0
0
82
85
78
95
83
81
76
95
82
69
76
69
65
83
69
95
82
79
76
76
66
65
67
75
47
68
68
76
47
10
0
32
0
0
0
0
0
1
0
24
0
0
179
115
111
91
49
219
1
0
179
115
111
91
49
219
1
192
45
79
99
91
49
219
1
80
75
1
2
20
0
20
0
2
0
8
0
49
123
103
89
183
203
224
235
109
1
0
0
153
2
0
0
51
0
36
0
0
0
0
0
1
0
32
0
0
0
15
3
0
0
82
85
78
95
83
81
76
95
82
69
76
69
65
83
69
95
82
79
76
76
66
65
67
75
47
68
68
76
47
68
68
76
95
67
85
82
82
69
78
84
95
69
82
82
79
82
83
46
115
113
108
10
0
32
0
0
0
0
0
1
0
24
0
128
235
19
148
91
49
219
1
128
235
19
148
91
49
219
1
144
10
71
105
91
49
219
1
80
75
1
2
20
0
20
0
2
0
8
0
91
123
103
89
101
3
74
86
175
1
0
0
167
3
0
0
44
0
36
0
0
0
0
0
1
0
32
0
0
0
205
4
0
0
82
85
78
95
83
81
76
95
82
69
76
69
65
83
69
95
82
79
76
76
66
65
67
75
47
105
110
112
117
116
95
118
97
114
105
97
98
108
101
115
46
116
120
116
10
0
32
0
0
0
0
0
1
0
24
0
208
106
166
195
91
49
219
1
208
106
166
195
91
49
219
1
112
50
9
131
89
49
219
1
80
75
1
2
20
0
20
0
2
0
8
0
18
77
103
89
220
223
131
205
79
1
0
0
131
2
0
0
32
0
36
0
0
0
0
0
1
0
32
0
0
0
198
6
0
0
82
85
78
95
83
81
76
95
82
69
76
69
65
83
69
95
82
79
76
76
66
65
67
75
47
82
85
78
46
98
97
116
10
0
32
0
0
0
0
0
1
0
24
0
64
148
217
99
43
49
219
1
112
15
119
131
89
49
219
1
208
28
10
131
89
49
219
1
80
75
1
2
20
0
20
0
2
0
8
0
13
122
103
89
26
150
248
185
84
0
0
0
90
0
0
0
52
0
36
0
0
0
0
0
1
0
32
0
0
0
83
8
0
0
82
85
78
95
83
81
76
95
82
69
76
69
65
83
69
95
82
79
76
76
66
65
67
75
47
115
99
114
105
112
116
95
116
111
95
103
101
116
95
102
105
108
101
110
97
109
101
115
46
116
120
116
10
0
32
0
0
0
0
0
1
0
24
0
128
64
72
77
90
49
219
1
128
64
72
77
90
49
219
1
48
7
11
131
89
49
219
1
80
75
1
2
20
0
10
0
0
0
0
0
162
122
103
89
0
0
0
0
0
0
0
0
0
0
0
0
33
0
36
0
0
0
0
0
0
0
49
0
0
0
249
8
0
0
82
85
78
95
83
81
76
95
82
69
76
69
65
83
69
95
82
79
76
76
66
65
67
75
47
84
73
67
75
69
84
83
47
10
0
32
0
0
0
0
0
1
0
24
0
144
160
254
243
90
49
219
1
128
0
252
15
91
49
219
1
128
5
191
222
90
49
219
1
80
75
1
2
20
0
10
0
0
0
0
0
26
122
103
89
0
0
0
0
0
0
0
0
0
0
0
0
35
0
36
0
0
0
0
0
0
0
49
0
0
0
56
9
0
0
82
85
78
95
83
81
76
95
82
69
76
69
65
83
69
95
82
79
76
76
66
65
67
75
47
84
73
67
75
69
84
83
47
49
47
10
0
32
0
0
0
0
0
1
0
24
0
80
128
50
93
90
49
219
1
32
22
251
15
91
49
219
1
0
30
23
139
89
49
219
1
80
75
1
2
20
0
10
0
0
0
0
0
189
122
103
89
0
0
0
0
0
0
0
0
0
0
0
0
43
0
36
0
0
0
0
0
0
0
49
0
0
0
121
9
0
0
82
85
78
95
83
81
76
95
82
69
76
69
65
83
69
95
82
79
76
76
66
65
67
75
47
84
73
67
75
69
84
83
47
49
47
82
69
76
69
65
83
69
47
10
0
32
0
0
0
0
0
1
0
24
0
16
157
198
19
91
49
219
1
16
157
198
19
91
49
219
1
176
203
24
139
89
49
219
1
80
75
1
2
20
0
20
0
2
0
8
0
208
122
103
89
180
254
174
118
35
0
0
0
35
0
0
0
54
0
36
0
0
0
0
0
1
0
32
0
0
0
194
9
0
0
82
85
78
95
83
81
76
95
82
69
76
69
65
83
69
95
82
79
76
76
66
65
67
75
47
84
73
67
75
69
84
83
47
49
47
82
69
76
69
65
83
69
47
101
120
97
109
112
108
101
46
115
113
108
10
0
32
0
0
0
0
0
1
0
24
0
80
33
77
40
91
49
219
1
80
33
77
40
91
49
219
1
48
196
148
155
89
49
219
1
80
75
1
2
20
0
20
0
2
0
8
0
198
121
103
89
183
218
178
179
167
3
0
0
55
10
0
0
54
0
36
0
0
0
0
0
1
0
32
0
0
0
57
10
0
0
82
85
78
95
83
81
76
95
82
69
76
69
65
83
69
95
82
79
76
76
66
65
67
75
47
84
73
67
75
69
84
83
47
49
47
82
69
76
69
65
83
69
47
101
120
101
99
117
116
101
46
115
113
108
10
0
32
0
0
0
0
0
1
0
24
0
192
30
167
253
89
49
219
1
192
30
167
253
89
49
219
1
240
103
25
139
89
49
219
1
80
75
1
2
20
0
10
0
0
0
0
0
58
123
103
89
0
0
0
0
0
0
0
0
0
0
0
0
50
0
36
0
0
0
0
0
0
0
49
0
0
0
52
14
0
0
82
85
78
95
83
81
76
95
82
69
76
69
65
83
69
95
82
79
76
76
66
65
67
75
47
84
73
67
75
69
84
83
47
49
47
82
69
76
69
65
83
69
47
79
85
84
80
85
84
47
10
0
32
0
0
0
0
0
1
0
24
0
96
75
50
159
91
49
219
1
96
75
50
159
91
49
219
1
16
157
198
19
91
49
219
1
80
75
1
2
20
0
10
0
0
0
0
0
179
122
103
89
0
0
0
0
0
0
0
0
0
0
0
0
44
0
36
0
0
0
0
0
0
0
49
0
0
0
132
14
0
0
82
85
78
95
83
81
76
95
82
69
76
69
65
83
69
95
82
79
76
76
66
65
67
75
47
84
73
67
75
69
84
83
47
49
47
82
79
76
76
66
65
67
75
47
10
0
32
0
0
0
0
0
1
0
24
0
32
170
60
8
91
49
219
1
32
170
60
8
91
49
219
1
80
218
45
139
89
49
219
1
80
75
1
2
20
0
20
0
2
0
8
0
216
122
103
89
54
138
57
137
38
0
0
0
36
0
0
0
55
0
36
0
0
0
0
0
1
0
32
0
0
0
206
14
0
0
82
85
78
95
83
81
76
95
82
69
76
69
65
83
69
95
82
79
76
76
66
65
67
75
47
84
73
67
75
69
84
83
47
49
47
82
79
76
76
66
65
67
75
47
101
120
97
109
112
108
101
46
115
113
108
10
0
32
0
0
0
0
0
1
0
24
0
32
48
126
49
91
49
219
1
48
87
126
49
91
49
219
1
144
250
164
199
89
49
219
1
80
75
1
2
20
0
20
0
2
0
8
0
206
121
103
89
183
218
178
179
167
3
0
0
55
10
0
0
55
0
36
0
0
0
0
0
1
0
32
0
0
0
73
15
0
0
82
85
78
95
83
81
76
95
82
69
76
69
65
83
69
95
82
79
76
76
66
65
67
75
47
84
73
67
75
69
84
83
47
49
47
82
79
76
76
66
65
67
75
47
101
120
101
99
117
116
101
46
115
113
108
10
0
32
0
0
0
0
0
1
0
24
0
128
79
177
7
90
49
219
1
128
79
177
7
90
49
219
1
144
118
46
139
89
49
219
1
80
75
1
2
20
0
10
0
0
0
0
0
55
123
103
89
0
0
0
0
0
0
0
0
0
0
0
0
51
0
36
0
0
0
0
0
0
0
16
0
0
0
69
19
0
0
82
85
78
95
83
81
76
95
82
69
76
69
65
83
69
95
82
79
76
76
66
65
67
75
47
84
73
67
75
69
84
83
47
49
47
82
79
76
76
66
65
67
75
47
79
85
84
80
85
84
47
10
0
32
0
0
0
0
0
1
0
24
0
0
165
145
155
91
49
219
1
0
165
145
155
91
49
219
1
32
170
60
8
91
49
219
1
80
75
5
6
0
0
0
0
17
0
17
0
102
8
0
0
150
19
0
0
0
0
